time,x,y,z,phi,theta,psi,x_velocity,y_velocity,z_velocity,phi_velocity,theta_velocity,psi_velocity,rotor_speed1,rotor_speed2,rotor_speed3,rotor_speed4
0.06,0.595966883483,0.5959672275,10.5960798824,6.28265249498,6.28289630381,0.0,9.86611189277,9.86609579021,9.87046367651,-0.039920559058,-0.0168038041842,0.0,457.147834426975,455.80636926094485,457.45965955611746,454.2682876197743
0.12000000000000001,1.18401674388,1.18398725191,11.1837643089,6.28089927599,6.28237919698,0.0,9.73613910291,9.73487982626,9.72039468516,-0.0135972566362,0.00410817629672,0.0,446.2775502686161,447.98206822405086,446.4799030747665,448.62297660451236
0.18,1.76437912062,1.76420080597,11.764987822,6.28005683147,6.28251658148,0.0,9.60974353525,9.60597881178,9.65434789998,-0.0149427792922,-0.00162097149735,0.0,470.95180202787145,470.50823339336637,470.28132848554895,470.1771785020737
0.23999999999999996,2.33725130205,2.33677458526,12.3381981634,6.27915478056,6.28263203648,0.0,9.48646877739,9.48021059712,9.45439759141,-0.0152176092953,0.00820983331764,0.0,426.7198797543015,427.55861870352436,426.95289403073707,426.92952976306435
0.3,2.90281810952,2.9018653052,12.9036008497,6.27839982723,0.000799662195043,0.0,9.36609909062,9.3565216928,9.39297370347,-0.00777420651864,0.0418146729018,0.0,465.41769560373876,468.0415190775874,467.3752964052756,467.95542455951625
0.36000000000000004,3.46121532503,3.45961046197,13.4659535013,6.27793361323,0.0031389117674,0.0,9.24730339028,9.23538331791,9.35261130879,-0.0077622878767,0.0326319291068,0.0,472.429336767289,471.7211404169674,472.42117803377346,472.42221754083204
0.4200000000000001,4.01251972994,4.01016471245,14.026460058,6.27703143249,0.00507722051106,0.0,9.12971443155,9.11679125779,9.33125671392,-0.0364340875897,0.0316435600646,0.0,476.54185622631064,476.4665798298902,478.52541018147156,476.337037681179
0.48000000000000015,4.55680228305,4.55365466077,14.5869244122,6.274337403,0.007746445731,0.0,9.01317053634,8.99967905042,9.35098660407,-0.0729170293326,0.0623243828209,0.0,487.126245779646,489.4168102557578,489.6550305022015,486.9310924819096
0.5400000000000001,5.09412652506,5.09015238408,15.1458926408,6.27038578862,0.0115116987569,0.0,8.89763570056,8.88353422765,9.28226547117,-0.0545606683054,0.0635999376884,0.0,461.81535208642066,461.91867414633214,460.6128193241651,462.0596191191947
0.6000000000000002,5.62453785705,5.61970429506,15.6991670854,6.26754078183,0.0160074870008,0.0,8.78271305009,8.76828815411,9.16154349111,-0.0360030039976,0.0912214914764,0.0,443.23663159999836,445.5059523302808,441.75627513497983,443.2830314818754
0.6600000000000003,6.14802942848,6.14236095904,16.2458364823,6.26536621635,0.0218392680006,0.0,8.66681183666,8.65376847677,9.06192567276,-0.0367265202758,0.107050149095,0.0,446.79184921045737,448.0888800932141,447.3466321062135,447.2871101796426
0.7200000000000003,6.66456840684,6.65821726253,16.7846825538,6.26323289681,0.0282838971758,0.0,8.55092979274,8.54161169337,8.90122958216,-0.0333106720967,0.108120989184,0.0,424.58347740068996,424.6860938082663,425.52751261993876,425.81932467330114
0.7800000000000004,7.17394206907,7.16726540356,17.3198211967,6.26150206048,0.0351194035136,0.0,8.42779418349,8.42682651239,8.93683001394,-0.0211534014434,0.123542233535,0.0,482.31171934602907,483.48568222082355,482.44559497817204,483.36275926381666
0.8400000000000004,7.67599090132,7.66955920904,17.852973716,6.26181585476,0.0426134550071,0.0,8.30679629028,8.31664114357,8.83598182535,0.0332933355117,0.127485837608,0.0,441.5360110410327,441.8756237190849,438.12402272489805,442.62935438610486
0.9000000000000005,8.17051453418,8.16524185736,18.3845604654,6.26328035516,0.0498445886993,0.0,8.17683944384,8.20671910849,8.88343385921,-0.00666573401354,0.100560807218,0.0,485.00600015830923,482.99034474367767,486.0844911659126,483.0798240555907
0.9600000000000005,8.65718750864,8.65444126013,18.9183796108,6.26338865144,0.0556194064878,0.0,8.04532098661,8.10026958221,8.91055500472,0.0148791230805,0.0858145430669,0.0,480.0014457505382,478.88778439594284,476.90187963169825,478.5452068760188
1.0200000000000005,9.13602087636,9.13736681984,19.4520712513,6.26402552878,0.0612272305634,0.0,7.91560880611,7.99767115747,8.87953954523,0.000318830513535,0.105517542135,0.0,460.2456525565645,461.8098341079395,461.87947680129025,460.7292300064171
1.0800000000000005,9.60709932449,9.61423676923,19.9827939832,6.26399714619,0.0678061883046,0.0,7.7867218867,7.89830887925,8.81191867635,-0.00210593871772,0.116838209871,0.0,447.6342962451708,448.56532577857774,449.9423317415059,449.74592611043505
1.1400000000000006,10.070546421,10.0852527745,20.5072246575,6.26407414281,0.0748043854069,0.0,7.66121626301,7.80251744521,8.67032838452,0.0073215623704,0.116230742525,0.0,423.18799703990175,423.1486157623059,423.471061768326,424.2815128818187
1.2000000000000006,10.52608511,10.5505042128,21.0275697753,6.26449189268,0.0815946158094,0.0,7.52305055389,7.70621730524,8.67465397931,0.00623449256914,0.106221147337,0.0,467.03010939967,466.2591792929254,468.01733751101733,467.9325823952081
1.2600000000000007,10.9734419151,11.0100871271,21.5460934734,6.26456909614,0.0878734230284,0.0,7.38858233017,7.61352383565,8.61007000263,-0.0111192464746,0.101298901381,0.0,445.94202394752426,445.5491474277251,446.3775845273556,444.95870431260147
1.3200000000000007,11.4127831112,11.4641845892,22.0597044782,6.26370980619,0.0941135723461,0.0,7.25589102382,7.52325395705,8.51114656658,-0.0216498840979,0.108921273197,0.0,432.6458837149896,433.2970881243867,434.2157806343243,433.3312545183558
1.3800000000000008,11.8441727914,11.9129130808,22.5669142862,6.26233921203,0.100921876208,0.0,7.12348407652,7.4344948809,8.39680940332,-0.0253433523757,0.121290198157,0.0,426.4299668804976,427.49752765015035,426.08655679588117,425.77051150841305
1.4400000000000008,12.2674085125,12.3563106079,23.0688930235,6.26088384999,0.10777742998,0.0,6.98402944195,7.34553057588,8.33640483898,-0.0221657904918,0.0940136201951,0.0,442.81433605018213,440.575458615793,442.0952713046282,442.35700964273184
1.5000000000000009,12.6823413733,12.7944186885,23.5662471093,6.25992059084,0.113666979588,0.0,6.84687463201,7.25821432015,8.24279984326,-0.00600766967149,0.105369687532,0.0,429.5562039712017,430.5269750484129,429.26480818856305,430.63425428024874
1.560000000000001,13.0884349129,13.2272082087,24.0630416129,6.25977701159,0.119859698462,0.0,6.68930479483,7.16834472669,8.31663309551,0.00400195768992,0.0985079446823,0.0,480.47682815929835,479.96457348323,480.6225163294825,481.3807953457761
1.620000000000001,13.4850662342,13.6546671601,24.5638311293,6.25984816963,0.125319320475,0.0,6.53153533517,7.08056863466,8.37602389674,-0.00514354196163,0.0684499665497,0.0,479.16287580544065,476.87774128244644,476.57640558180077,475.8766630989761
1.680000000000001,13.8727822812,14.0770179739,25.063569811,6.25970749447,0.129666853793,0.0,6.39228795922,6.9980022073,8.28256694279,0.00273627643604,0.0794621387389,0.0,429.0005915349788,429.9391293718388,430.262771552249,430.9296242619915
1.740000000000001,14.2524712073,14.4945213023,25.5552159886,6.2598741768,0.135471438067,0.0,6.26384187898,6.91900148716,8.10679336285,0.00286143868626,0.118552194151,0.0,399.0100388633451,402.5723756083449,400.16784661637513,400.1791878305563
1.8000000000000012,14.623485909,14.9071742736,26.0432281099,6.2598057273,0.142749684612,0.0,6.10293869582,6.83634340389,8.15999889255,-0.0106724382438,0.126302337351,0.0,472.1370632356081,472.74707095286124,473.02391354640525,471.9803124008008
1.8600000000000012,14.9849307928,15.3149371929,26.5332463741,6.25942127957,0.149875649614,0.0,5.94483161034,6.75592333111,8.1739200436,0.000989458496034,0.0961219834103,0.0,462.8820427923545,460.51188052479415,459.953475959807,460.8764710368328
1.9200000000000013,15.3371374495,15.717962954,27.0220372042,6.25943789737,0.155849315825,0.0,5.79517693132,6.6784831167,8.11945932904,-0.00118765916243,0.105673975483,0.0,439.1890478759469,439.9894087126893,439.6336105868807,439.4531279975697
1.9800000000000013,15.6799977985,16.1163364091,27.509647197,6.25900485214,0.162422139084,0.0,5.63322484898,6.60082275048,8.13412952762,-0.0233822894011,0.116339110732,0.0,459.7238788365301,460.57845586609153,462.1193508039185,460.366166838465
2.0400000000000014,16.0137715654,16.5101801785,27.993936723,6.25744921384,0.169605495157,0.0,5.49222376761,6.52735700527,8.0096750617,-0.0315760532639,0.125746057418,0.0,414.6478755468287,415.48764873029506,416.4283804268172,415.7106143323353
2.1000000000000014,16.3387283469,16.8995807747,28.4725647018,6.25516282631,0.176785776964,0.0,5.33929158058,6.4526547083,7.9450325389,-0.0562268576049,0.103360267583,0.0,434.2884169921541,432.4192134586617,435.38508052213047,433.31629905131325
2.1600000000000015,16.6542746493,17.2844605133,28.9483300283,6.25187854337,0.183555523104,0.0,5.17862927185,6.3765231192,7.91405119573,-0.0519163919657,0.127068575635,0.0,442.2647320970634,444.2246681515814,444.29249011555476,444.6438382773858
2.2200000000000015,16.9604293636,17.6647995304,29.4205900019,6.24952795735,0.191467082875,0.0,5.02611310786,6.30137971587,7.82848947332,-0.0214414992555,0.140031260569,0.0,425.3026742778129,426.42842867846434,423.62055577347695,426.2326035781657
2.2800000000000016,17.2565957523,18.0404984522,29.8916485481,6.24813273708,0.200001660278,0.0,4.84560675996,6.22197867197,7.87317473492,-0.0271490712903,0.146330746087,0.0,466.0388540386859,466.54885944996465,466.24086756184147,465.79460568473587
2.3400000000000016,17.5418000972,18.411438068,30.3654730644,6.24677648509,0.208628241755,0.0,4.66068919351,6.14271820962,7.92065516777,-0.0147885197897,0.138111021709,0.0,467.69481305604864,467.0721813163809,467.36005858749104,468.3226552054402
2.4000000000000017,17.8162060278,18.7777049539,30.8402201105,6.24631119182,0.217373120411,0.0,4.48569105051,6.06630694331,7.90426890421,0.00351943703671,0.15778175004,0.0,446.80111902525846,448.42173708755445,448.1902631659254,449.67623151229225
2.4600000000000017,18.0805462765,19.1395101897,31.3115603866,6.24661026268,0.227195485117,0.0,4.3250688186,5.99406684148,7.80753954026,0.00776462744045,0.173485433504,0.0,421.15435781024854,422.53763605981163,421.30205843872733,421.66895762254546
2.520000000000002,18.3344832205,19.4969221017,31.7799415761,6.24700699566,0.237476719426,0.0,4.13883446073,5.91990059182,7.80503863333,0.00420150307943,0.166715355331,0.0,451.15467352615445,450.63528547878644,452.8914496355729,452.6046001416392
2.580000000000002,18.5769400645,19.8499043858,32.2488644651,6.24753241059,0.247654762031,0.0,3.94243145115,5.84641036275,7.82543416347,0.016589156131,0.174904807977,0.0,458.6091486088323,459.2858086355001,459.3347854950824,460.3162234249207
2.640000000000002,18.8079821659,20.1985995287,32.7169911438,6.24807264477,0.258163682903,0.0,3.75831715265,5.77701636013,7.77886293188,-0.0139281136366,0.175631318329,0.0,438.58400608102215,438.67432870845016,439.4643306322727,436.9268184618434
2.700000000000002,19.0276714294,20.5431467604,33.182988943,6.24763186841,0.268550643391,0.0,3.56400537637,5.70799949072,7.75434182245,0.00333439315979,0.167548787752,0.0,446.0413185715524,445.4092724643463,444.5661833816317,445.9788074421261
2.760000000000002,19.2352605483,20.8835416058,33.6486303373,6.24752975907,0.278950344292,0.0,3.35501344675,5.6386794345,7.76672019251,-0.0143942412177,0.182907058072,0.0,457.4895111520115,458.73866709910857,457.7597346036497,456.3465073694602
2.820000000000002,19.4310109453,21.2199095051,34.1120638931,6.24642187948,0.290583868557,0.0,3.16926983406,5.57364565303,7.68131945781,-0.0281910697098,0.20980424109,0.0,424.6170507812718,426.9564127867264,426.6369246803405,425.45703232341543
2.880000000000002,19.6159714369,21.5524454407,34.5687237644,6.24474570188,0.30270674344,0.0,2.99526491791,5.51088222047,7.54122496334,-0.0274316270569,0.178299393184,0.0,407.565927357395,404.7828297233774,405.91352682784424,405.98140924693934
2.940000000000002,19.7901617564,21.8811934206,35.0176481863,6.24321819361,0.313346545367,0.0,2.81042890595,5.44738895728,7.42329781189,-0.0217789473139,0.175320312417,0.0,413.29605524581405,413.0662714481481,412.1372999998344,412.6365548018248
3.000000000000002,19.9524276973,22.2060480878,35.4617254447,6.2415686585,0.324084222382,0.0,2.59780378069,5.38111881435,7.37918707864,-0.0424918325167,0.185388432727,0.0,436.8232459363163,437.6935685699307,438.8481564251623,437.12485295541467
3.0600000000000023,20.1016845113,22.5269070555,35.9034893683,6.2391479526,0.3347840315,0.0,2.37675919268,5.31409701903,7.3461022625,-0.0363654823325,0.157980717481,0.0,442.73303215570206,440.5020525352145,441.2632597044965,441.7679500166694
3.1200000000000023,20.238000794,22.8437868425,36.3419633945,6.23668067423,0.344291005784,0.0,2.16659012849,5.24850268107,7.26975470674,-0.0529111988154,0.159369972224,0.0,426.6914300561702,426.83498798126215,428.2587567483229,426.8477473374041
3.1800000000000024,20.3599045945,23.1564913881,36.7805617766,6.23364212527,0.353878474717,0.0,1.89640146607,5.17482052988,7.3493368134,-0.0464540278787,0.16061939018,0.0,479.9888866154385,480.10588304304684,476.67367252827734,477.16550568250614
3.2400000000000024,20.4663009626,23.4648534063,37.2216127376,6.23047312274,0.363728442044,0.0,1.64962736727,5.10378857032,7.3519046955,-0.0702577015097,0.170445961958,0.0,455.63162500282914,456.4415637754313,456.1865966528352,454.2795669547956
3.3000000000000025,20.5583035862,23.7689913193,37.6613624632,6.2265857926,0.374199395349,0.0,1.41652132298,5.03392184751,7.30621265549,-0.0556371904105,0.181606839429,0.0,439.76638641172747,440.71956338165563,440.0965789351963,441.302104652801
3.3600000000000025,20.6359867,24.0688690607,38.0988476711,6.22335625479,0.384733601973,0.0,1.17228968437,4.9618598532,7.2762685396,-0.0504298198937,0.159413804265,0.0,447.7375327468576,445.9570474731609,445.6975936491478,446.1211620476818
3.4200000000000026,20.6991662667,24.3644362525,38.5338079399,6.22046735022,0.394136354388,0.0,0.933184366015,4.89027478598,7.2221736936,-0.0439382171226,0.150682259208,0.0,438.39972536657757,437.6970660002966,439.5370655972219,440.07339113027723
3.4800000000000026,20.7474399036,24.655620503,38.9665719955,6.21801594745,0.403040071387,0.0,0.675509215081,4.81580440906,7.20282740294,-0.0353149324825,0.143383350558,0.0,450.7479499428462,450.1779064555962,451.97093806576544,452.66468108229645
3.5400000000000027,20.7784578342,24.9420661677,39.4020675087,6.21620955961,0.411132501319,0.0,0.358189042431,4.73239663453,7.31242453379,-0.0213226567686,0.1066150614,0.0,495.8657627693453,493.17086790945274,493.3164972319037,494.34857099387466
3.6000000000000028,20.7928496564,25.223891366,39.8383193944,6.21512339269,0.417643112673,0.0,0.121282402938,4.66183700699,7.22918787062,-0.0123363944702,0.112051028188,0.0,431.96576713024587,432.4347453058513,433.5139205288598,434.26857130132214
3.660000000000003,20.7922856627,25.5013936422,40.2710913188,6.21471457915,0.424254042531,0.0,-0.14028433621,4.58837135372,7.19608751107,0.00241824037244,0.1061585783,0.0,450.3894067303842,449.92302488910116,450.9360516175384,452.126720185563
3.720000000000003,20.7746844001,25.7743234959,40.7046562529,6.21448404406,0.430143728404,0.0,-0.44643197194,4.50951313702,7.25504180649,-0.020892091186,0.073047403927,0.0,483.73387211973164,481.24054559833536,483.13115573668887,481.37012383390095
3.780000000000003,20.7410373765,26.0429015392,41.1365401132,6.21287441709,0.43505603177,0.0,-0.675319389753,4.44311592821,7.14112156171,-0.0426341806334,0.0953616614519,0.0,424.50661378662375,426.423144133926,426.76897204134127,424.9083648886593
3.840000000000003,20.6929186942,26.3073889081,41.5630743718,6.21063613778,0.441003372989,0.0,-0.928845796211,4.37307985876,7.0763798719,-0.0283485754177,0.105740604636,0.0,442.6089161148671,443.4709101859507,442.79207956874376,443.9653192057532
3.900000000000003,20.6274464947,26.5673494266,41.9900734575,6.21011192792,0.447516874702,0.0,-1.25355671868,4.29240092165,7.15565332786,0.0148994232447,0.113665887534,0.0,491.51720949998975,492.11342452178815,490.5167517119055,493.7186273441782
3.960000000000003,20.5438620398,26.8227219596,42.4187256338,6.21087691687,0.455056968277,0.0,-1.53282520918,4.22029255487,7.13202920333,0.00806096837572,0.14265192424,0.0,459.63609122954045,461.9413324233344,461.60697515429035,461.0667645294696
4.020000000000002,20.4447453385,27.0740100126,42.8432065708,6.21207032009,0.463375262249,0.0,-1.77155587095,4.15620353461,7.01712458376,0.036708148014,0.129087983251,0.0,431.7792535080087,430.65147071826703,428.9696870078883,431.3961232486591
4.080000000000001,20.3290399919,27.3212021025,43.265065075,6.21413991406,0.471774821201,0.0,-2.08548487043,4.08397059529,7.04363771724,0.0296491283527,0.155824706697,0.0,479.7884588735301,481.83065003988315,479.8489047139566,479.313009320551
4.14,20.1962610448,27.5643881165,43.6847402974,6.21562242497,0.481396905701,0.0,-2.3410117627,4.02252647894,6.94508716799,0.0123286821164,0.168173136692,0.0,439.18305193798386,440.2309299848991,440.939700947359,439.50620386439215
4.199999999999998,20.0473937787,27.8038588254,44.0996340728,6.21689588574,0.49154383859,0.0,-2.6217434307,3.96009684256,6.88393125065,0.0348047012433,0.170934239723,0.0,454.0165982790761,454.2648416277719,453.7833982233887,455.5845203877415
4.259999999999997,19.882605587,28.0397715533,44.5087937367,6.21940580358,0.502080529504,0.0,-2.87182806296,3.90398596244,6.75434431915,0.0530952875608,0.183613862116,0.0,431.6983746403079,432.7977273852776,430.22493325318936,431.7722101672861
4.319999999999996,19.7012545219,28.2722255299,44.9126783012,6.22226713911,0.512939790527,0.0,-3.17370753203,3.84493451691,6.70742135158,0.0337671797473,0.175146405125,0.0,461.57849087045594,460.9399163455534,464.33068964059845,462.8127450452183
4.379999999999995,19.5029518659,28.5013548064,45.3113126747,6.22443108526,0.523470769983,0.0,-3.43699707971,3.79300751926,6.57987553307,0.0403056893411,0.176245025514,0.0,434.88245397143925,435.0048884332607,436.5489094835648,437.09492005902575
4.439999999999993,19.2876558106,28.7273231049,45.704032139,6.22688972173,0.533835210185,0.0,-3.74001132804,3.73963706108,6.50977567265,0.0422873646225,0.164616228284,0.0,457.9325579353885,457.0339847156392,458.7405239666133,458.8987188377395
4.499999999999992,19.0545153595,28.9502038249,46.0916241356,6.22944191892,0.543690363398,0.0,-4.03181268921,3.69006738774,6.40913738297,0.0430303883854,0.163516124222,0.0,449.23766458942424,449.1738438472336,449.852044046891,449.9131858405898
4.559999999999991,18.8057132297,29.170350615,46.469814379,6.23170025414,0.553562992455,0.0,-4.26232786662,3.64840949013,6.19713651774,0.0237665837467,0.166521188493,0.0,409.00723006974846,409.30323731056615,409.5139293640997,407.79698106722464
4.6199999999999894,18.5415692388,29.3879307581,46.837456791,6.2330568656,0.56340758915,0.0,-4.54303551907,3.6044823096,6.05695787471,0.0201911315545,0.158682582887,0.0,437.04655930991737,436.4186996492101,438.06195907286343,437.7644923505429
4.679999999999988,18.2610386935,29.602963111,47.1956601906,6.23424149892,0.573203723234,0.0,-4.80861149362,3.56344793046,5.8826972301,0.0188341343205,0.171137519228,0.0,425.340227515164,426.4323923072433,425.90741176648237,425.7912814386153
4.739999999999987,17.9645993448,29.8155821747,47.5430689556,6.23498654033,0.582934078599,0.0,-5.07337712173,3.52401899805,5.69713024337,-0.00524969940624,0.130551288833,0.0,424.1874221150684,420.7117375871972,424.0157044790808,421.9408737453695
4.799999999999986,17.6518545764,30.0258401736,47.879693482,6.2346745351,0.590927178372,0.0,-5.35197998704,3.48465599647,5.5231781971,-0.00510104271934,0.138075175798,0.0,428.6720078594353,429.32806481379174,427.95673802549686,427.96948639299916
4.859999999999984,17.3206118079,30.2336311912,48.208254636,6.23438795638,0.599166440294,0.0,-5.68973789995,3.44181538158,5.4276851174,-0.00413459953485,0.135770205258,0.0,460.20210918135245,460.0363242871506,459.6390518046779,459.7157464910332
4.919999999999983,16.9686546293,30.4388453733,48.531414721,6.23392878015,0.607759368152,0.0,-6.04241074147,3.39876494147,5.34296637171,-0.0158295819381,0.155007131517,0.0,466.4598580455605,467.97787683582635,466.9045078576822,465.9910482977765
4.979999999999982,16.5978207018,30.6416600643,48.8458667227,6.23285050582,0.616723792002,0.0,-6.31939660795,3.36175613254,5.13820687047,-0.0226408425876,0.134831291902,0.0,425.1184278531692,423.40736984270734,424.2064642678658,423.62101909685134
5.0399999999999805,16.2074317278,30.8420597882,49.1518550092,6.23170817009,0.624867869887,0.0,-6.69373127876,3.31827917838,5.05984189557,-0.0126649207249,0.137480845279,0.0,475.2838534737671,475.50263052984076,472.74376386686544,473.51210800285645
